109988769
12440600
208049563
81673565
98418805
56478723
145841961
48805077
39824052
113904704
144898837
51842454
142773061
95176333
239935549
31910583
244873599
108908654
130944488
45555080
182552114
55593131
91974502
15645092
91484265
242195791
244911629
188687210
10829106
235657241
218984073
195000242
52929703
33879911
109487792
222528753
148740647
186779732
65829065
135663419
180252745
207960148
203709888
65753947
219565592
61931303
202455817
143220472
54598806
151266068
134377453
240079001
19969413
49393187
245990237
209729173
46065391
64987113
139393186
47675399
87702574
21836613
180802551
28855059
248705021
230936762
199318930
195377414
98260552
172889482
192702104
125386301
24766011
160264948
88182600
156421377
110998831
238607388
58382708
194525528
